   4.9210000e+03
   6.4760000e+03
   3.7190000e+03
   4.1290000e+03
   5.9740000e+03
   5.8240000e+03
   6.0260000e+03
   5.2670000e+03
   4.9160000e+03
   3.5410000e+03
   3.9480000e+03
   6.4820000e+03
   5.9280000e+03
   6.7750000e+03
   5.7920000e+03
   5.5060000e+03
   3.5710000e+03
   4.4480000e+03
   6.3450000e+03
   5.6180000e+03
   7.3710000e+03
   5.8580000e+03
   6.6860000e+03
   5.5580000e+03
   4.3760000e+03
   6.4950000e+03
   6.7170000e+03
   6.5900000e+03
   6.1390000e+03
   6.1480000e+03
   4.7670000e+03
   4.8530000e+03
   9.5560000e+03
   8.4580000e+03
   7.7300000e+03
   5.7520000e+03
   7.2080000e+03
   4.9730000e+03
   5.4800000e+03
   6.7510000e+03
   7.5730000e+03
   8.4380000e+03
   6.0190000e+03
   6.8590000e+03
   5.1720000e+03
   5.3110000e+03
   7.6150000e+03
   7.2570000e+03
   6.4060000e+03
   6.1490000e+03
   7.0510000e+03
   4.6850000e+03
   4.4820000e+03
   6.0940000e+03
   6.8910000e+03
   7.2800000e+03
   6.9950000e+03
   6.2580000e+03
   4.9020000e+03
   4.6830000e+03
   6.9140000e+03
   6.7400000e+03
   6.7410000e+03
   5.6810000e+03
   5.4320000e+03
   3.8050000e+03
   4.0500000e+03
   4.4100000e+03
   5.4410000e+03
   6.1040000e+03
   5.4370000e+03
   6.2880000e+03
   4.5770000e+03
   5.3430000e+03
   4.7170000e+03
   5.0300000e+03
   5.6620000e+03
   4.9300000e+03
   4.5990000e+03
   3.4270000e+03
   4.1470000e+03
   3.4940000e+03
   5.2220000e+03
   4.7900000e+03
   4.8830000e+03
   4.1990000e+03
   2.9990000e+03
   3.4840000e+03
   3.5930000e+03
   4.3460000e+03
   4.4420000e+03
   3.9120000e+03
   3.8910000e+03
   2.7710000e+03
   3.1520000e+03
   2.8850000e+03
   3.2270000e+03
   3.3770000e+03
   3.4630000e+03
   3.4550000e+03
   2.4850000e+03
   2.7640000e+03
   3.3290000e+03
   2.9600000e+03
   2.9730000e+03
   2.2480000e+03
   2.7130000e+03
   2.4140000e+03
   2.0750000e+03
   2.1120000e+03
   2.4370000e+03
   2.4090000e+03
   1.8620000e+03
   1.9970000e+03
   1.3050000e+03
   1.5620000e+03
   1.9380000e+03
   1.9060000e+03
   1.9820000e+03
   1.6090000e+03
   1.1200000e+03
   1.4340000e+03
   1.3830000e+03
   1.3490000e+03
   1.5150000e+03
   1.4250000e+03
   1.0470000e+03
   1.2230000e+03
   8.5200000e+02
   8.3500000e+02
   9.7000000e+02
   1.2390000e+03
   1.0890000e+03
   1.0430000e+03
   7.2900000e+02
   5.1100000e+02
   7.6400000e+02
   6.2200000e+02
   5.7800000e+02
   4.5000000e+02
   4.4800000e+02
   3.8500000e+02
   3.5300000e+02
   4.4200000e+02
   3.7500000e+02
   4.0300000e+02
   2.6000000e+02
   3.9600000e+02
   3.4600000e+02
   2.9600000e+02
   2.5300000e+02
   2.0200000e+02
   1.7800000e+02
   1.3200000e+02
   1.6300000e+02
   1.2100000e+02
   1.0100000e+02
   1.4500000e+02
   1.3100000e+02
   1.3200000e+02
   1.1000000e+02
   7.0000000e+01
   3.8000000e+01
   5.1000000e+01
   6.5000000e+01
   4.8000000e+01
   3.9000000e+01
   4.6000000e+01
   2.5000000e+01
   1.1000000e+01
   2.9000000e+01
   1.2000000e+01
   1.5000000e+01
   1.0000000e+01
   5.0000000e+00
   4.0000000e+00
   2.0000000e+00
   1.0000000e+00
   2.0000000e+00
   2.0000000e+00
